0.000000	0.000000	b 0
0.800000	0.800000	b 1
1.600000	1.600000	b 2
2.400000	2.400000	b 3
3.200000	3.200000	b 4
4.000000	4.000000	b 5
4.800000	4.800000	b 6
5.600000	5.600000	b 7
6.400000	6.400000	b 8
7.200000	7.200000	b 9
8.000000	8.000000	b 10
8.800000	8.800000	b 11
9.600000	9.600000	b 12
10.400000	10.400000	b 13
11.200000	11.200000	b 14
12.000000	12.000000	b 15
12.800000	12.800000	b 16
13.600000	13.600000	b 17
14.400000	14.400000	b 18
15.200000	15.200000	b 19
16.000000	16.000000	b 20
16.800000	16.800000	b 21
17.600000	17.600000	b 22
18.400000	18.400000	b 23
19.200000	19.200000	b 24
20.000000	20.000000	b 25
20.800000	20.800000	b 26
21.600000	21.600000	b 27
22.400000	22.400000	b 28
23.200000	23.200000	b 29
24.000000	24.000000	b 30
24.800000	24.800000	b 31
25.600000	25.600000	b 32
26.400000	26.400000	b 33
27.200000	27.200000	b 34
28.000000	28.000000	b 35
28.800000	28.800000	b 36
29.600000	29.600000	b 37
30.400000	30.400000	b 38
31.200000	31.200000	b 39
32.000000	32.000000	b 40
32.800000	32.800000	b 41
33.600000	33.600000	b 42
34.400000	34.400000	b 43
35.200000	35.200000	b 44
36.000000	36.000000	b 45
36.800000	36.800000	b 46
37.600000	37.600000	b 47
38.400000	38.400000	b 48
39.200000	39.200000	b 49
40.000000	40.000000	b 50
40.800000	40.800000	b 51
41.600000	41.600000	b 52
42.400000	42.400000	b 53
43.200000	43.200000	b 54
44.000000	44.000000	b 55
44.800000	44.800000	b 56
45.600000	45.600000	b 57
46.400000	46.400000	b 58
47.200000	47.200000	b 59
48.000000	48.000000	b 60
48.800000	48.800000	b 61
49.600000	49.600000	b 62
50.400000	50.400000	b 63
51.200000	51.200000	b 64
52.000000	52.000000	b 65
52.800000	52.800000	b 66
53.600000	53.600000	b 67
54.400000	54.400000	b 68
55.200000	55.200000	b 69
56.000000	56.000000	b 70
56.800000	56.800000	b 71
57.600000	57.600000	b 72
58.400000	58.400000	b 73
59.200000	59.200000	b 74
60.000000	60.000000	b 75
60.800000	60.800000	b 76
61.600000	61.600000	b 77
62.400000	62.400000	b 78
63.200000	63.200000	b 79
64.000000	64.000000	b 80
64.800000	64.800000	b 81
65.600000	65.600000	b 82
66.400000	66.400000	b 83
67.200000	67.200000	b 84
68.000000	68.000000	b 85
68.800000	68.800000	b 86
69.600000	69.600000	b 87
70.400000	70.400000	b 88
71.200000	71.200000	b 89
72.000000	72.000000	b 90
72.800000	72.800000	b 91
73.600000	73.600000	b 92
74.400000	74.400000	b 93
75.200000	75.200000	b 94
76.000000	76.000000	b 95
76.800000	76.800000	b 96
77.600000	77.600000	b 97
78.400000	78.400000	b 98
79.200000	79.200000	b 99
80.000000	80.000000	b 100
80.800000	80.800000	b 101
81.600000	81.600000	b 102
82.400000	82.400000	b 103
83.200000	83.200000	b 104
84.000000	84.000000	b 105
84.800000	84.800000	b 106
85.600000	85.600000	b 107
86.400000	86.400000	b 108
87.200000	87.200000	b 109
88.000000	88.000000	b 110
88.800000	88.800000	b 111
89.600000	89.600000	b 112
90.400000	90.400000	b 113
91.200000	91.200000	b 114
92.000000	92.000000	b 115
92.800000	92.800000	b 116
93.600000	93.600000	b 117
94.400000	94.400000	b 118
95.200000	95.200000	b 119
96.000000	96.000000	b 120
96.800000	96.800000	b 121
97.600000	97.600000	b 122
98.400000	98.400000	b 123
99.200000	99.200000	b 124
100.000000	100.000000	b 125
100.800000	100.800000	b 126
101.600000	101.600000	b 127
102.400000	102.400000	b 128
103.200000	103.200000	b 129
104.000000	104.000000	b 130
104.800000	104.800000	b 131
105.600000	105.600000	b 132
106.400000	106.400000	b 133
107.200000	107.200000	b 134
108.000000	108.000000	b 135
108.800000	108.800000	b 136
109.600000	109.600000	b 137
110.400000	110.400000	b 138
111.200000	111.200000	b 139
112.000000	112.000000	b 140
112.800000	112.800000	b 141
113.600000	113.600000	b 142
114.400000	114.400000	b 143
115.200000	115.200000	b 144
116.000000	116.000000	b 145
116.800000	116.800000	b 146
117.600000	117.600000	b 147
118.400000	118.400000	b 148
119.200000	119.200000	b 149
120.000000	120.000000	b 150
120.800000	120.800000	b 151
121.600000	121.600000	b 152
122.400000	122.400000	b 153
123.200000	123.200000	b 154
124.000000	124.000000	b 155
124.800000	124.800000	b 156
125.600000	125.600000	b 157
126.400000	126.400000	b 158
127.200000	127.200000	b 159
128.000000	128.000000	b 160
128.800000	128.800000	b 161
129.600000	129.600000	b 162
130.400000	130.400000	b 163
131.200000	131.200000	b 164
132.000000	132.000000	b 165
132.800000	132.800000	b 166
133.600000	133.600000	b 167
134.400000	134.400000	b 168
135.200000	135.200000	b 169
136.000000	136.000000	b 170
136.800000	136.800000	b 171
137.600000	137.600000	b 172
138.400000	138.400000	b 173
139.200000	139.200000	b 174
140.000000	140.000000	b 175
140.800000	140.800000	b 176
141.600000	141.600000	b 177
142.400000	142.400000	b 178
143.200000	143.200000	b 179
144.000000	144.000000	b 180
144.800000	144.800000	b 181
145.600000	145.600000	b 182
146.400000	146.400000	b 183
147.200000	147.200000	b 184
148.000000	148.000000	b 185
148.800000	148.800000	b 186
149.600000	149.600000	b 187
150.400000	150.400000	b 188
151.200000	151.200000	b 189
152.000000	152.000000	b 190
152.800000	152.800000	b 191
153.600000	153.600000	b 192
154.400000	154.400000	b 193
155.200000	155.200000	b 194
156.000000	156.000000	b 195
156.800000	156.800000	b 196
157.600000	157.600000	b 197
158.400000	158.400000	b 198
159.200000	159.200000	b 199
160.000000	160.000000	b 200
160.800000	160.800000	b 201
161.600000	161.600000	b 202
162.400000	162.400000	b 203
163.200000	163.200000	b 204
164.000000	164.000000	b 205
164.800000	164.800000	b 206
165.600000	165.600000	b 207
166.400000	166.400000	b 208
167.200000	167.200000	b 209
168.000000	168.000000	b 210
168.800000	168.800000	b 211
169.600000	169.600000	b 212
170.400000	170.400000	b 213
171.200000	171.200000	b 214
172.000000	172.000000	b 215
172.800000	172.800000	b 216
173.600000	173.600000	b 217
174.400000	174.400000	b 218
175.200000	175.200000	b 219
176.000000	176.000000	b 220
176.800000	176.800000	b 221
177.600000	177.600000	b 222
178.400000	178.400000	b 223
179.200000	179.200000	b 224
180.000000	180.000000	b 225
180.800000	180.800000	b 226
181.600000	181.600000	b 227
182.400000	182.400000	b 228
183.200000	183.200000	b 229
184.000000	184.000000	b 230
184.800000	184.800000	b 231
185.600000	185.600000	b 232
186.400000	186.400000	b 233
187.200000	187.200000	b 234
188.000000	188.000000	b 235
188.800000	188.800000	b 236
189.600000	189.600000	b 237
190.400000	190.400000	b 238
191.200000	191.200000	b 239
192.000000	192.000000	b 240
192.800000	192.800000	b 241
193.600000	193.600000	b 242
194.400000	194.400000	b 243
195.200000	195.200000	b 244
196.000000	196.000000	b 245
196.800000	196.800000	b 246
197.600000	197.600000	b 247
198.400000	198.400000	b 248
199.200000	199.200000	b 249
200.000000	200.000000	b 250
200.800000	200.800000	b 251
201.600000	201.600000	b 252
202.400000	202.400000	b 253
203.200000	203.200000	b 254
204.000000	204.000000	b 255
204.800000	204.800000	b 256
205.600000	205.600000	b 257
206.400000	206.400000	b 258
207.200000	207.200000	b 259
208.000000	208.000000	b 260
208.800000	208.800000	b 261
209.600000	209.600000	b 262
210.400000	210.400000	b 263
211.200000	211.200000	b 264
212.000000	212.000000	b 265
212.800000	212.800000	b 266
213.600000	213.600000	b 267
214.400000	214.400000	b 268
215.200000	215.200000	b 269
216.000000	216.000000	b 270
216.800000	216.800000	b 271
217.600000	217.600000	b 272
218.400000	218.400000	b 273
219.200000	219.200000	b 274
220.000000	220.000000	b 275
220.800000	220.800000	b 276
221.600000	221.600000	b 277
222.400000	222.400000	b 278
223.200000	223.200000	b 279
224.000000	224.000000	b 280
224.800000	224.800000	b 281
225.600000	225.600000	b 282
226.400000	226.400000	b 283
227.200000	227.200000	b 284
228.000000	228.000000	b 285
228.800000	228.800000	b 286
229.600000	229.600000	b 287
230.400000	230.400000	b 288
231.200000	231.200000	b 289
232.000000	232.000000	b 290
232.800000	232.800000	b 291
233.600000	233.600000	b 292
234.400000	234.400000	b 293
235.200000	235.200000	b 294
236.000000	236.000000	b 295
236.800000	236.800000	b 296
237.600000	237.600000	b 297
238.400000	238.400000	b 298
239.200000	239.200000	b 299
240.000000	240.000000	b 300
240.800000	240.800000	b 301
241.600000	241.600000	b 302
242.400000	242.400000	b 303
243.200000	243.200000	b 304
244.000000	244.000000	b 305
244.800000	244.800000	b 306
245.600000	245.600000	b 307
246.400000	246.400000	b 308
247.200000	247.200000	b 309
248.000000	248.000000	b 310
248.800000	248.800000	b 311
249.600000	249.600000	b 312
250.400000	250.400000	b 313
251.200000	251.200000	b 314
252.000000	252.000000	b 315
252.800000	252.800000	b 316
253.600000	253.600000	b 317
254.400000	254.400000	b 318
255.200000	255.200000	b 319
256.000000	256.000000	b 320
256.800000	256.800000	b 321
257.600000	257.600000	b 322
258.400000	258.400000	b 323
259.200000	259.200000	b 324
260.000000	260.000000	b 325
260.800000	260.800000	b 326
261.600000	261.600000	b 327
262.400000	262.400000	b 328
263.200000	263.200000	b 329
264.000000	264.000000	b 330
264.800000	264.800000	b 331
265.600000	265.600000	b 332
266.400000	266.400000	b 333
267.200000	267.200000	b 334
268.000000	268.000000	b 335
268.800000	268.800000	b 336
269.600000	269.600000	b 337
270.400000	270.400000	b 338
271.200000	271.200000	b 339
272.000000	272.000000	b 340
272.800000	272.800000	b 341
273.600000	273.600000	b 342
274.400000	274.400000	b 343
275.200000	275.200000	b 344
276.000000	276.000000	b 345
276.800000	276.800000	b 346
277.600000	277.600000	b 347
278.400000	278.400000	b 348
279.200000	279.200000	b 349
280.000000	280.000000	b 350
280.800000	280.800000	b 351
281.600000	281.600000	b 352
282.400000	282.400000	b 353
283.200000	283.200000	b 354
284.000000	284.000000	b 355
284.800000	284.800000	b 356
285.600000	285.600000	b 357
286.400000	286.400000	b 358
287.200000	287.200000	b 359
288.000000	288.000000	b 360
288.800000	288.800000	b 361
289.600000	289.600000	b 362
290.400000	290.400000	b 363
291.200000	291.200000	b 364
292.000000	292.000000	b 365
292.800000	292.800000	b 366
293.600000	293.600000	b 367
294.400000	294.400000	b 368
295.200000	295.200000	b 369
296.000000	296.000000	b 370
296.800000	296.800000	b 371
297.600000	297.600000	b 372
298.400000	298.400000	b 373
299.200000	299.200000	b 374
300.000000	300.000000	b 375
300.800000	300.800000	b 376
301.600000	301.600000	b 377
302.400000	302.400000	b 378
303.200000	303.200000	b 379
304.000000	304.000000	b 380
304.800000	304.800000	b 381
305.600000	305.600000	b 382
306.400000	306.400000	b 383
307.200000	307.200000	b 384
308.000000	308.000000	b 385
308.800000	308.800000	b 386
309.600000	309.600000	b 387
310.400000	310.400000	b 388
311.200000	311.200000	b 389
312.000000	312.000000	b 390
312.800000	312.800000	b 391
313.600000	313.600000	b 392
314.400000	314.400000	b 393
315.200000	315.200000	b 394
316.000000	316.000000	b 395
316.800000	316.800000	b 396
317.600000	317.600000	b 397
318.400000	318.400000	b 398
319.200000	319.200000	b 399
320.000000	320.000000	b 400
320.800000	320.800000	b 401
321.600000	321.600000	b 402
322.400000	322.400000	b 403
323.200000	323.200000	b 404
324.000000	324.000000	b 405
324.800000	324.800000	b 406
325.600000	325.600000	b 407
326.400000	326.400000	b 408
327.200000	327.200000	b 409
328.000000	328.000000	b 410
328.800000	328.800000	b 411
329.600000	329.600000	b 412
330.400000	330.400000	b 413
331.200000	331.200000	b 414
332.000000	332.000000	b 415
332.800000	332.800000	b 416
333.600000	333.600000	b 417
334.400000	334.400000	b 418
335.200000	335.200000	b 419
336.000000	336.000000	b 420
336.800000	336.800000	b 421
337.600000	337.600000	b 422
338.400000	338.400000	b 423
339.200000	339.200000	b 424
340.000000	340.000000	b 425
340.800000	340.800000	b 426
341.600000	341.600000	b 427
342.400000	342.400000	b 428
343.200000	343.200000	b 429
344.000000	344.000000	b 430
344.800000	344.800000	b 431
345.600000	345.600000	b 432
346.400000	346.400000	b 433
347.200000	347.200000	b 434
348.000000	348.000000	b 435
348.800000	348.800000	b 436
349.600000	349.600000	b 437
350.400000	350.400000	b 438
351.200000	351.200000	b 439
352.000000	352.000000	b 440
352.800000	352.800000	b 441
353.600000	353.600000	b 442
354.400000	354.400000	b 443
355.200000	355.200000	b 444
356.000000	356.000000	b 445
356.800000	356.800000	b 446
357.600000	357.600000	b 447
358.400000	358.400000	b 448
359.200000	359.200000	b 449
360.000000	360.000000	b 450
360.800000	360.800000	b 451
361.600000	361.600000	b 452
362.400000	362.400000	b 453
363.200000	363.200000	b 454
364.000000	364.000000	b 455
364.800000	364.800000	b 456
365.600000	365.600000	b 457
366.400000	366.400000	b 458
367.200000	367.200000	b 459
368.000000	368.000000	b 460
368.800000	368.800000	b 461
369.600000	369.600000	b 462
370.400000	370.400000	b 463
371.200000	371.200000	b 464
372.000000	372.000000	b 465
372.800000	372.800000	b 466
373.600000	373.600000	b 467
374.400000	374.400000	b 468