0.575000	0.575000	e 0
7.990991	7.990991	e 1
15.406981	15.406981	e 2
22.822972	22.822972	e 3
30.238963	30.238963	e 4
37.654954	37.654954	e 5
45.070944	45.070944	e 6
52.486935	52.486935	e 7
59.902926	59.902926	e 8
67.318917	67.318917	e 9
74.734907	74.734907	e 10
0.575000	0.575000	b 0
1.501999	1.501999	b 1
2.428998	2.428998	b 2
3.355997	3.355997	b 3
4.282995	4.282995	b 4
5.209994	5.209994	b 5
6.136993	6.136993	b 6
7.063992	7.063992	b 7
7.990991	7.990991	b 8
8.917990	8.917990	b 9
9.844988	9.844988	b 10
10.771987	10.771987	b 11
11.698986	11.698986	b 12
12.625985	12.625985	b 13
13.552984	13.552984	b 14
14.479983	14.479983	b 15
15.406981	15.406981	b 16
16.333980	16.333980	b 17
17.260979	17.260979	b 18
18.187978	18.187978	b 19
19.114977	19.114977	b 20
20.041976	20.041976	b 21
20.968975	20.968975	b 22
21.895973	21.895973	b 23
22.822972	22.822972	b 24
23.749971	23.749971	b 25
24.676970	24.676970	b 26
25.603969	25.603969	b 27
26.530968	26.530968	b 28
27.457966	27.457966	b 29
28.384965	28.384965	b 30
29.311964	29.311964	b 31
30.238963	30.238963	b 32
31.165962	31.165962	b 33
32.092961	32.092961	b 34
33.019959	33.019959	b 35
33.946958	33.946958	b 36
34.873957	34.873957	b 37
35.800956	35.800956	b 38
36.727955	36.727955	b 39
37.654954	37.654954	b 40
38.581952	38.581952	b 41
39.508951	39.508951	b 42
40.435950	40.435950	b 43
41.362949	41.362949	b 44
42.289948	42.289948	b 45
43.216947	43.216947	b 46
44.143946	44.143946	b 47
45.070944	45.070944	b 48
45.997943	45.997943	b 49
46.924942	46.924942	b 50
47.851941	47.851941	b 51
48.778940	48.778940	b 52
49.705939	49.705939	b 53
50.632937	50.632937	b 54
51.559936	51.559936	b 55
52.486935	52.486935	b 56
53.413934	53.413934	b 57
54.340933	54.340933	b 58
55.267932	55.267932	b 59
56.194930	56.194930	b 60
57.121929	57.121929	b 61
58.048928	58.048928	b 62
58.975927	58.975927	b 63
59.902926	59.902926	b 64
60.829925	60.829925	b 65
61.756924	61.756924	b 66
62.683922	62.683922	b 67
63.610921	63.610921	b 68
64.537920	64.537920	b 69
65.464919	65.464919	b 70
66.391918	66.391918	b 71
67.318917	67.318917	b 72
68.245915	68.245915	b 73
69.172914	69.172914	b 74
70.099913	70.099913	b 75
71.026912	71.026912	b 76
71.953911	71.953911	b 77
72.880910	72.880910	b 78
73.807908	73.807908	b 79
74.734907	74.734907	b 80
75.661906	75.661906	b 81
76.588905	76.588905	b 82
77.515904	77.515904	b 83
78.442903	78.442903	b 84
79.369902	79.369902	b 85
80.296900	80.296900	b 86
81.223899	81.223899	b 87
0.575000	0.575000	b 0
0.806750	0.806750	b 1
1.038499	1.038499	b 2
1.270249	1.270249	b 3
1.501999	1.501999	b 4
1.733749	1.733749	b 5
1.965498	1.965498	b 6
2.197248	2.197248	b 7
2.428998	2.428998	b 8
2.660747	2.660747	b 9
2.892497	2.892497	b 10
3.124247	3.124247	b 11
3.355997	3.355997	b 12
3.587746	3.587746	b 13
3.819496	3.819496	b 14
4.051246	4.051246	b 15
4.282995	4.282995	b 16
4.514745	4.514745	b 17
4.746495	4.746495	b 18
4.978244	4.978244	b 19
5.209994	5.209994	b 20
5.441744	5.441744	b 21
5.673494	5.673494	b 22
5.905243	5.905243	b 23
6.136993	6.136993	b 24
6.368743	6.368743	b 25
6.600492	6.600492	b 26
6.832242	6.832242	b 27
7.063992	7.063992	b 28
7.295742	7.295742	b 29
7.527491	7.527491	b 30
7.759241	7.759241	b 31
7.990991	7.990991	b 32
8.222740	8.222740	b 33
8.454490	8.454490	b 34
8.686240	8.686240	b 35
8.917990	8.917990	b 36
9.149739	9.149739	b 37
9.381489	9.381489	b 38
9.613239	9.613239	b 39
9.844988	9.844988	b 40
10.076738	10.076738	b 41
10.308488	10.308488	b 42
10.540238	10.540238	b 43
10.771987	10.771987	b 44
11.003737	11.003737	b 45
11.235487	11.235487	b 46
11.467236	11.467236	b 47
11.698986	11.698986	b 48
11.930736	11.930736	b 49
12.162486	12.162486	b 50
12.394235	12.394235	b 51
12.625985	12.625985	b 52
12.857735	12.857735	b 53
13.089484	13.089484	b 54
13.321234	13.321234	b 55
13.552984	13.552984	b 56
13.784733	13.784733	b 57
14.016483	14.016483	b 58
14.248233	14.248233	b 59
14.479983	14.479983	b 60
14.711732	14.711732	b 61
14.943482	14.943482	b 62
15.175232	15.175232	b 63
15.406981	15.406981	b 64
15.638731	15.638731	b 65
15.870481	15.870481	b 66
16.102231	16.102231	b 67
16.333980	16.333980	b 68
16.565730	16.565730	b 69
16.797480	16.797480	b 70
17.029229	17.029229	b 71
17.260979	17.260979	b 72
17.492729	17.492729	b 73
17.724479	17.724479	b 74
17.956228	17.956228	b 75
18.187978	18.187978	b 76
18.419728	18.419728	b 77
18.651477	18.651477	b 78
18.883227	18.883227	b 79
19.114977	19.114977	b 80
19.346727	19.346727	b 81
19.578476	19.578476	b 82
19.810226	19.810226	b 83
20.041976	20.041976	b 84
20.273725	20.273725	b 85
20.505475	20.505475	b 86
20.737225	20.737225	b 87
20.968975	20.968975	b 88
21.200724	21.200724	b 89
21.432474	21.432474	b 90
21.664224	21.664224	b 91
21.895973	21.895973	b 92
22.127723	22.127723	b 93
22.359473	22.359473	b 94
22.591222	22.591222	b 95
22.822972	22.822972	b 96
23.054722	23.054722	b 97
23.286472	23.286472	b 98
23.518221	23.518221	b 99
23.749971	23.749971	b 100
23.981721	23.981721	b 101
24.213470	24.213470	b 102
24.445220	24.445220	b 103
24.676970	24.676970	b 104
24.908720	24.908720	b 105
25.140469	25.140469	b 106
25.372219	25.372219	b 107
25.603969	25.603969	b 108
25.835718	25.835718	b 109
26.067468	26.067468	b 110
26.299218	26.299218	b 111
26.530968	26.530968	b 112
26.762717	26.762717	b 113
26.994467	26.994467	b 114
27.226217	27.226217	b 115
27.457966	27.457966	b 116
27.689716	27.689716	b 117
27.921466	27.921466	b 118
28.153216	28.153216	b 119
28.384965	28.384965	b 120
28.616715	28.616715	b 121
28.848465	28.848465	b 122
29.080214	29.080214	b 123
29.311964	29.311964	b 124
29.543714	29.543714	b 125
29.775463	29.775463	b 126
30.007213	30.007213	b 127
30.238963	30.238963	b 128
30.470713	30.470713	b 129
30.702462	30.702462	b 130
30.934212	30.934212	b 131
31.165962	31.165962	b 132
31.397711	31.397711	b 133
31.629461	31.629461	b 134
31.861211	31.861211	b 135
32.092961	32.092961	b 136
32.324710	32.324710	b 137
32.556460	32.556460	b 138
32.788210	32.788210	b 139
33.019959	33.019959	b 140
33.251709	33.251709	b 141
33.483459	33.483459	b 142
33.715209	33.715209	b 143
33.946958	33.946958	b 144
34.178708	34.178708	b 145
34.410458	34.410458	b 146
34.642207	34.642207	b 147
34.873957	34.873957	b 148
35.105707	35.105707	b 149
35.337457	35.337457	b 150
35.569206	35.569206	b 151
35.800956	35.800956	b 152
36.032706	36.032706	b 153
36.264455	36.264455	b 154
36.496205	36.496205	b 155
36.727955	36.727955	b 156
36.959705	36.959705	b 157
37.191454	37.191454	b 158
37.423204	37.423204	b 159
37.654954	37.654954	b 160
37.886703	37.886703	b 161
38.118453	38.118453	b 162
38.350203	38.350203	b 163
38.581952	38.581952	b 164
38.813702	38.813702	b 165
39.045452	39.045452	b 166
39.277202	39.277202	b 167
39.508951	39.508951	b 168
39.740701	39.740701	b 169
39.972451	39.972451	b 170
40.204200	40.204200	b 171
40.435950	40.435950	b 172
40.667700	40.667700	b 173
40.899450	40.899450	b 174
41.131199	41.131199	b 175
41.362949	41.362949	b 176
41.594699	41.594699	b 177
41.826448	41.826448	b 178
42.058198	42.058198	b 179
42.289948	42.289948	b 180
42.521698	42.521698	b 181
42.753447	42.753447	b 182
42.985197	42.985197	b 183
43.216947	43.216947	b 184
43.448696	43.448696	b 185
43.680446	43.680446	b 186
43.912196	43.912196	b 187
44.143946	44.143946	b 188
44.375695	44.375695	b 189
44.607445	44.607445	b 190
44.839195	44.839195	b 191
45.070944	45.070944	b 192
45.302694	45.302694	b 193
45.534444	45.534444	b 194
45.766194	45.766194	b 195
45.997943	45.997943	b 196
46.229693	46.229693	b 197
46.461443	46.461443	b 198
46.693192	46.693192	b 199
46.924942	46.924942	b 200
47.156692	47.156692	b 201
47.388441	47.388441	b 202
47.620191	47.620191	b 203
47.851941	47.851941	b 204
48.083691	48.083691	b 205
48.315440	48.315440	b 206
48.547190	48.547190	b 207
48.778940	48.778940	b 208
49.010689	49.010689	b 209
49.242439	49.242439	b 210
49.474189	49.474189	b 211
49.705939	49.705939	b 212
49.937688	49.937688	b 213
50.169438	50.169438	b 214
50.401188	50.401188	b 215
50.632937	50.632937	b 216
50.864687	50.864687	b 217
51.096437	51.096437	b 218
51.328187	51.328187	b 219
51.559936	51.559936	b 220
51.791686	51.791686	b 221
52.023436	52.023436	b 222
52.255185	52.255185	b 223
52.486935	52.486935	b 224
52.718685	52.718685	b 225
52.950435	52.950435	b 226
53.182184	53.182184	b 227
53.413934	53.413934	b 228
53.645684	53.645684	b 229
53.877433	53.877433	b 230
54.109183	54.109183	b 231
54.340933	54.340933	b 232
54.572683	54.572683	b 233
54.804432	54.804432	b 234
55.036182	55.036182	b 235
55.267932	55.267932	b 236
55.499681	55.499681	b 237
55.731431	55.731431	b 238
55.963181	55.963181	b 239
56.194930	56.194930	b 240
56.426680	56.426680	b 241
56.658430	56.658430	b 242
56.890180	56.890180	b 243
57.121929	57.121929	b 244
57.353679	57.353679	b 245
57.585429	57.585429	b 246
57.817178	57.817178	b 247
58.048928	58.048928	b 248
58.280678	58.280678	b 249
58.512428	58.512428	b 250
58.744177	58.744177	b 251
58.975927	58.975927	b 252
59.207677	59.207677	b 253
59.439426	59.439426	b 254
59.671176	59.671176	b 255
59.902926	59.902926	b 256
60.134676	60.134676	b 257
60.366425	60.366425	b 258
60.598175	60.598175	b 259
60.829925	60.829925	b 260
61.061674	61.061674	b 261
61.293424	61.293424	b 262
61.525174	61.525174	b 263
61.756924	61.756924	b 264
61.988673	61.988673	b 265
62.220423	62.220423	b 266
62.452173	62.452173	b 267
62.683922	62.683922	b 268
62.915672	62.915672	b 269
63.147422	63.147422	b 270
63.379171	63.379171	b 271
63.610921	63.610921	b 272
63.842671	63.842671	b 273
64.074421	64.074421	b 274
64.306170	64.306170	b 275
64.537920	64.537920	b 276
64.769670	64.769670	b 277
65.001419	65.001419	b 278
65.233169	65.233169	b 279
65.464919	65.464919	b 280
65.696669	65.696669	b 281
65.928418	65.928418	b 282
66.160168	66.160168	b 283
66.391918	66.391918	b 284
66.623667	66.623667	b 285
66.855417	66.855417	b 286
67.087167	67.087167	b 287
67.318917	67.318917	b 288
67.550666	67.550666	b 289
67.782416	67.782416	b 290
68.014166	68.014166	b 291
68.245915	68.245915	b 292
68.477665	68.477665	b 293
68.709415	68.709415	b 294
68.941165	68.941165	b 295
69.172914	69.172914	b 296
69.404664	69.404664	b 297
69.636414	69.636414	b 298
69.868163	69.868163	b 299
70.099913	70.099913	b 300
70.331663	70.331663	b 301
70.563413	70.563413	b 302
70.795162	70.795162	b 303
71.026912	71.026912	b 304
71.258662	71.258662	b 305
71.490411	71.490411	b 306
71.722161	71.722161	b 307
71.953911	71.953911	b 308
72.185660	72.185660	b 309
72.417410	72.417410	b 310
72.649160	72.649160	b 311
72.880910	72.880910	b 312
73.112659	73.112659	b 313
73.344409	73.344409	b 314
73.576159	73.576159	b 315
73.807908	73.807908	b 316
74.039658	74.039658	b 317
74.271408	74.271408	b 318
74.503158	74.503158	b 319
74.734907	74.734907	b 320
74.966657	74.966657	b 321
75.198407	75.198407	b 322
75.430156	75.430156	b 323
75.661906	75.661906	b 324
75.893656	75.893656	b 325
76.125406	76.125406	b 326
76.357155	76.357155	b 327
76.588905	76.588905	b 328
76.820655	76.820655	b 329
77.052404	77.052404	b 330
77.284154	77.284154	b 331
77.515904	77.515904	b 332
77.747654	77.747654	b 333
77.979403	77.979403	b 334
78.211153	78.211153	b 335
78.442903	78.442903	b 336
78.674652	78.674652	b 337
78.906402	78.906402	b 338
79.138152	79.138152	b 339
79.369902	79.369902	b 340
79.601651	79.601651	b 341
79.833401	79.833401	b 342
80.065151	80.065151	b 343
80.296900	80.296900	b 344
80.528650	80.528650	b 345
80.760400	80.760400	b 346
80.992149	80.992149	b 347
81.223899	81.223899	b 348
81.455649	81.455649	b 349
81.687399	81.687399	b 350
81.919148	81.919148	b 351
0.575871	0.575871	0 
1.038852	1.038852	0.5
1.263821	1.263821	0.75
1.501822	1.501822	1
1.965498	2.196760	1.5
2.428998	2.428998	2
2.892464	2.892464	2.5
3.124996	3.124996	2.75
3.355637	3.355637	3
3.590058	3.590058	3.25
3.818809	3.818809	3.5
4.051340	4.051340	3.75
4.282995	4.282995	0
4.745154	4.745154	0.5
4.975795	4.975795	0.75
5.208946	5.208946	1
5.669608	5.905920	1.5
6.136122	6.136122	2
6.601624	6.601624	2.5
6.832265	6.832265	2.75
7.064797	7.064797	3
7.295437	7.295437	3.25
7.527969	7.527969	3.5
7.758610	7.758610	3.75
1.933399	2.428998	Cymbals
5.652287	6.136993	Cymbals
7.990991	9.844988	increasing violin sound
9.844988	11.698986	up and down violin sound
11.698986	13.552984	decreasing violin sound
13.552984	14.905589	vanishing sound
14.905589	15.404051	intro sound
15.404051	20.938236	mellow begining of storytelling
20.928037	21.432456	decreasing sound
21.432456	22.309214	silent
22.309214	22.822972	intro fading in sound
22.836037	28.413341	verse2- gradually increasing intensity of storytelling 
28.413341	28.832397	peak sound
28.832397	29.598225	fadeout
29.739884	30.216514	intro-wind
30.216514	31.602378	 winds sounds - right
31.602378	32.128100	intro-wind-2
32.107818	33.019959	wind sounds - left
33.421675	33.946958	1- talking about sand
34.313762	34.873957	2 - talking about glass
35.191801	35.864204	3- is right
36.727955	37.630987	fading in lyrics
37.630987	38.602346	part 1
38.602346	39.508951	part 2
39.508951	40.453426	part 3
40.471753	41.362949	part 4
41.362949	45.098458	increasing animation before the drop
45.499565	45.987536	crazy boom
45.987536	46.949428	pre
46.932420	49.243783	Chorus
49.243783	50.650109	 tiny part
50.650109	52.495342	Chorus - same
53.413959	54.340933	part 1
54.340933	55.267932	part 2
55.267932	56.206693	part - hotter than hot - colors
56.206693	57.121929	part 4
57.117889	59.846032	pre chorus - increasing again
59.886577	60.407253	crazy ecstatic boom, must animate
60.407253	64.537920	Chorus - s2nd
72.885285	75.968913	singing slowly fading out 
75.968913	76.657781	stupid sound like licking
76.959571	77.405695	stupid sound 2 - lik yo yo decreasing
15.140220	15.140220	Oh I
15.427265	15.427265	Come
15.849390	15.849390	from
16.333980	16.333980	a land
16.761181	16.761181	from
17.183306	17.183306	a
17.329642	17.774281	far
17.774281	18.157008	away
18.187978	18.187978	place
18.888691	18.888691	where a
19.198250	19.198250	caravan
19.963703	19.963703	camels
20.968975	21.680345	roam
22.280310	22.280310	where it's
22.822972	22.822972	flat
23.310614	23.310614	and
23.749971	23.749971	immense
24.319452	24.319452	and
24.676970	24.676970	the heat
25.167306	25.167306	is
25.603969	25.603969	intenese
26.154680	26.154680	it's
26.530968	26.530968	barbbaric
27.457966	27.457966	but hey..
28.107964	28.107964	it's
28.347868	29.295478	home
29.719863	30.238963	when the
30.238963	30.625999	wind
30.625999	31.553208	from the east
31.553208	32.092961	and the sun 
32.297785	33.019959	from the west
33.421675	33.946958	and the sand
34.313762	35.191801	in the glass
35.191801	35.859622	is right
36.727955	37.649315	come on
37.649315	38.011283	down
38.011283	38.606928	stop on 
38.602346	39.115516	by
39.124680	39.508951	hop a
39.508951	40.022729	carpet
40.018147	40.432664	and
40.435950	40.940908	fly
40.940908	41.362949	to
41.362949	42.302277	another
42.302277	43.216947	arabian
43.216947	45.070394	nights
45.424350	46.921857	arbian
46.921857	49.109123	nights
49.199881	49.675020	like
49.704481	50.632937	arabian
50.632937	52.487006	days
52.866559	53.392345	more
53.404206	53.803579	often
53.803579	54.293782	than
54.293782	54.791945	not
54.987651	55.254524	are
55.254524	55.767955	hotter
55.767955	56.184441	than
56.184441	56.674156	hot
56.671915	57.959926	in a lot of good
57.959926	59.902926	ways
59.902926	60.423602	boom
60.423602	61.756924	arabian
61.763624	63.674323	nights
63.674323	64.179102	'neat
64.357718	65.204072	arabian
65.464919	67.318917	moons
67.783204	69.165008	a fool off his
69.165008	69.804092	gaurd
69.804092	71.047715	could fall and fall
71.026912	71.953911	hard
71.953911	72.901634	out there on
72.901634	75.688270	the dunes
